261328at2759	0	63.1766411874	417
1259741at2759	0	33.9325227667	222
1291729at2759	0	16.0741652312	106
1309031at2759	0	32.2861812205	342
674160at2759	0	195.451853294	988
293315at2759	0	32.9739567866	609
551907at2759	0	43.0239034257	341
1530008at2759	0	1.76272843582	86
692986at2759	0	72.1152311538	380
1442062at2759	0	35.7938945159	198
869548at2759	0	22.4847037953	188
1339553at2759	0	48.5006166411	264
1096688at2759	0	15.5907782181	209
1370285at2759	0	85.306018513	388
396755at2759	0	101.722708269	634
543764at2759	0	31.9964708052	235
1247641at2759	0	37.266042673	180
768809at2759	0	33.3132464353	233
1428854at2759	0	125.464834267	454
1432328at2759	0	18.4015711283	180
160593at2759	0	184.551247166	1254
87842at2759	0	107.571859842	594
974865at2759	0	8.02935789682	226
834694at2759	0	61.269106604	317
1025450at2759	0	37.7609815895	291
392369at2759	0	29.8575812028	358
858842at2759	0	63.0040596568	283
1161199at2759	0	26.392770946	165
1079130at2759	0	29.7152826772	242
345441at2759	0	51.6894773662	369
911863at2759	0	31.0453518553	196
426305at2759	0	89.1465789134	485
1558822at2759	0	3.54253088932	66
1441854at2759	0	46.5264319087	220
1085752at2759	0	45.2256490837	265
1545004at2759	0	5.9076221951	69
1440961at2759	0	17.3916425552	172
1138059at2759	0	17.7827146894	211
734666at2759	0	31.8894830694	366
1398309at2759	0	11.7607970033	100
320059at2759	0	64.5529283818	430
299766at2759	0	63.8461232468	448
1358374at2759	0	25.9175688502	214
1459797at2759	0	9.30025799285	94
1323575at2759	0	5.92808822694	112
734341at2759	0	23.9084999171	162
1575179at2759	0	7.30916204602	52
976469at2759	0	12.7615468594	238
491869at2759	0	32.6011712004	244
917326at2759	0	61.8740738085	423
1094121at2759	0	12.9719556974	127
1322642at2759	0	10.3395704175	153
777920at2759	0	42.7446072537	339
1275837at2759	0	10.4857292354	243
1342242at2759	0	28.2855283672	178
1041560at2759	0	51.8045963059	306
1346165at2759	0	33.974722312	257
1620056at2759	0	11.5631941611	83
97116at2759	0	182.111889707	897
1405073at2759	0	7.55728704051	157
673132at2759	0	38.8100295456	266
671846at2759	0	62.5936989948	381
1576404at2759	0	18.7523249949	163
296129at2759	0	128.042908989	694
1128607at2759	0	27.194543444	249
324863at2759	0	101.898666833	534
1312453at2759	0	137.379768406	638
855834at2759	0	53.6810026231	306
166920at2759	0	140.352005408	732
1348942at2759	0	25.1682701421	186
1404162at2759	0	29.3323235752	191
245208at2759	0	118.356877213	854
1220881at2759	0	20.5771979734	148
866359at2759	0	32.4915754049	258
1197019at2759	0	14.7495554315	151
973442at2759	0	28.8431087238	183
176625at2759	0	83.8461928651	450
1018517at2759	0	24.9124383043	202
774318at2759	0	50.2579546407	274
1405146at2759	0	22.1734864349	133
1426075at2759	0	11.2331329024	96
418107at2759	0	52.066724598	361
142542at2759	0	80.027827717	648
865202at2759	0	14.4462728639	192
801857at2759	0	22.8427162992	213
937275at2759	0	13.5634531704	91
570797at2759	0	89.7122487604	440
931188at2759	0	64.7124566528	324
1014314at2759	0	23.0771252204	208
1567796at2759	0	12.4391054053	129
1407446at2759	0	14.5586842971	94
720340at2759	0	47.5527733428	224
1474000at2759	0	24.2849668599	136
719531at2759	0	47.1969608849	277
1380409at2759	0	15.1629301988	141
1379600at2759	0	77.7509412558	483
1182451at2759	0	19.0747087385	156
1525971at2759	0	3.15332402093	79
956854at2759	0	24.0482986795	173
1377237at2759	0	14.5883746878	137
1626636at2759	0	9.31521172507	127
939345at2759	0	13.1768763343	118
604979at2759	0	31.7569561289	279
1106766at2759	0	34.3897368806	198
1645187at2759	0	4.68573670287	45
1030907at2759	0	32.1521639445	271
598949at2759	0	40.9514949877	402
1260807at2759	0	28.7995144187	215
1504863at2759	0	20.774189387	132
655400at2759	0	41.3095898253	271
1588798at2759	0	29.5088663536	118
1445102at2759	0	7.15891842886	190
1065019at2759	0	25.5120868651	252
1053181at2759	0	26.9742387679	157
1287401at2759	0	18.8610333712	156
946128at2759	0	74.4192435431	439
721605at2759	0	27.5346909186	243
1488235at2759	0	15.6584849254	135
330169at2759	0	47.7019744391	312
1157302at2759	0	21.484902211	198
1370304at2759	0	107.578339696	420
924753at2759	0	27.8925946088	218
679187at2759	0	43.3305383939	418
1249159at2759	0	18.8082999856	150
1266231at2759	0	22.6974428746	181
1236198at2759	0	6.52795810335	123
1076134at2759	0	14.5251810929	183
1513531at2759	0	28.458133027	207
1032689at2759	0	13.5262051873	154
1108845at2759	0	20.68239096	322
898782at2759	0	48.7126989565	268
674169at2759	0	46.6229911275	244
1526152at2759	0	3.32442473586	84
679771at2759	0	28.2626897385	169
759498at2759	0	52.1794112974	413
736068at2759	0	40.3257251531	308
1257440at2759	0	14.227433486	129
1454155at2759	0	22.3608410293	107
341721at2759	0	52.3231241113	387
331411at2759	0	63.1554159543	383
1178688at2759	0	17.9936763353	138
270107at2759	0	94.9475232317	635
1269649at2759	0	5.52341369913	165
1490022at2759	0	12.8638016329	167
1233814at2759	0	18.3646974329	151
1623701at2759	0	10.4028750853	91
918816at2759	0	34.9466285581	214
261419at2759	0	99.5838256098	415
1173229at2759	0	23.9664981761	194
290630at2759	0	77.5844974483	594
1284731at2759	0	10.8444393494	128
39650at2759	0	292.749542825	1381
975557at2759	0	91.7672690943	492
761109at2759	0	74.5186082892	371
1338131at2759	0	9.70953939585	138
450058at2759	0	45.4864361433	262
1395649at2759	0	14.2527895703	119
944899at2759	0	29.5657906393	230
996662at2759	0	29.7967325145	207
1129824at2759	0	13.8880655739	131
891751at2759	0	41.7132960529	221
457861at2759	0	18.5452008758	145
388820at2759	0	110.256474622	581
1430056at2759	0	14.180032309	118
1228942at2759	0	6.06237118758	162
464990at2759	0	64.0872267638	358
1107630at2759	0	24.9191455969	205
621827at2759	0	54.1323999579	330
814241at2759	0	45.0571863594	308
83779at2759	0	41.4979742085	229
369837at2759	0	52.0134578062	377
919955at2759	0	28.4912866706	258
582756at2759	0	50.8302517479	343
625387at2759	0	77.2587184064	333
708105at2759	0	30.0972922026	203
722805at2759	0	49.0374849901	402
923657at2759	0	18.5791383623	169
1057950at2759	0	29.6820878459	219
1364586at2759	0	16.5452904059	146
1051021at2759	0	36.8123399931	318
1304061at2759	0	13.52050157	132
100698at2759	0	78.5361353291	481
1194691at2759	0	9.05307830348	276
1287094at2759	0	14.4689656078	126
1001705at2759	0	39.5834406141	254
981902at2759	0	26.5390149125	210
878143at2759	0	40.7286250139	313
1049599at2759	0	61.7399127386	341
1200489at2759	0	14.7752076096	115
1593937at2759	0	34.7595118077	148
257318at2759	0	48.3268135128	297
1421503at2759	0	3.98997037553	109
1269244at2759	0	17.2997193174	130
1322299at2759	0	41.9948677829	334
1111142at2759	0	35.9717849079	283
1087488at2759	0	31.4261200758	286
325552at2759	0	78.3003211903	467
901894at2759	0	54.1984611726	325
687505at2759	0	27.7140895347	231
1115196at2759	0	43.135697581	266
1314980at2759	0	87.8373004598	489
306227at2759	0	83.2611534053	479
844748at2759	0	43.7803878495	349
836599at2759	0	38.4511403742	314
375960at2759	0	52.6281930915	336
549762at2759	0	88.2421809375	404
1010730at2759	0	23.9356165603	260
1194797at2759	0	55.367892498	427
1217666at2759	0	23.5244850868	173
1090038at2759	0	18.2455734302	132
179362at2759	0	346.803031577	1215
937686at2759	0	19.8903001717	336
1633672at2759	0	0.940923346183	83
1112002at2759	0	109.726923417	506
1617752at2759	0	6.60380620629	92
355408at2759	0	95.2723468947	523
1450538at2759	0	15.919962985	149
1423847at2759	0	42.6662687135	255
513979at2759	0	36.2649387157	225
156083at2759	0	365.10984402	1846
1346432at2759	0	32.5320354932	164
1479417at2759	0	35.7546021031	180
905026at2759	0	84.9755244265	397
779909at2759	0	25.1669362519	228
751335at2759	0	47.1858775412	268
1248958at2759	0	85.3105895383	595
1538526at2759	0	7.33776836651	102
975158at2759	0	35.1858979139	269
390348at2759	0	138.942648175	703
1003258at2759	0	21.6239939739	286
383503at2759	0	49.7377307331	372
1264469at2759	0	22.2462675395	144
1563319at2759	0	9.71606220657	135
453044at2759	0	48.8699434256	306
1038775at2759	0	20.6856573364	197
271586at2759	0	107.343202328	403
1019762at2759	0	50.764223802	373
1382842at2759	0	7.88081287295	123
1324510at2759	0	30.4461286852	273
1251252at2759	0	5.85204990986	80
671536at2759	0	44.2013966017	357
1193442at2759	0	19.6556675934	257
1222562at2759	0	7.71261189769	119
1079827at2759	0	15.5762842444	221
1455730at2759	0	27.5408866775	358
1223488at2759	0	17.9870062981	105
1488436at2759	0	3.07181132961	62
1258856at2759	0	92.428567915	568
817008at2759	0	34.2600505785	292
664730at2759	0	46.4233392454	340
1355894at2759	0	11.0598815103	138
1552706at2759	0	12.5920850561	90
1434266at2759	0	19.3532069706	134
1428265at2759	0	30.9097377555	197
887370at2759	0	59.6653014756	327
