12693at33634	0	50.12261319281301	276
26150at33634	0	28.737324965171098	165
26307at33634	0	20.767911639020276	157
3405at33634	0	144.1377973169585	636
6989at33634	0	122.16440372899767	469
15351at33634	0	21.1	211.0
7485at33634	0	40.55309909432134	349
3892at33634	0	107.75536395715278	517
5960at33634	0	50.0	500.0
28151at33634	0	23.809801903137846	144
26258at33634	0	9.7	97.0
9201at33634	0	40.67945994649464	226
18069at33634	0	15.9	159.0
723at33634	0	77.6	776.0
1102at33634	0	126.43543807018663	1183
9286at33634	0	37.5	375.0
20769at33634	0	13.5	135.0
12684at33634	0	51.48404494654602	217
6436at33634	0	39.9	399.0
21097at33634	0	59.82452545698834	434
9297at33634	0	30.1	301.0
31838at33634	0	14.018202452525788	103
20182at33634	0	24.5	245.0
3528at33634	0	60.1448124241689	601
17057at33634	0	69.26408770895526	381
25187at33634	0	10.1	101.0
17622at33634	0	24.535552435870144	233
11504at33634	0	37.4	374.0
8760at33634	0	85.9715650665963	268
1342at33634	0	110.63708285454793	711
971at33634	0	110.00624457799587	824
1326at33634	0	140.72704075621002	695
13102at33634	0	62.94246457006467	383
23030at33634	0	13.9	139.0
12562at33634	0	52.1	521.0
6933at33634	0	35.8	358.0
4148at33634	0	105.0787543482726	447
13832at33634	0	30.348970328497142	197
6981at33634	0	179.84752167914647	821
302at33634	0	451.24897613350714	1138
5144at33634	0	84.5438742113624	436
20044at33634	0	125.47284106990583	450
21875at33634	0	21.6	216.0
19891at33634	0	33.039646390635504	243
12069at33634	0	26.2	262.0
13819at33634	0	46.01972821101168	333
22080at33634	0	19.629909152447276	168
6684at33634	0	43.0	430.0
13476at33634	0	19.5	195.0
22950at33634	0	22.1	221.0
4406at33634	0	93.7773221725069	413
23923at33634	0	16.9	169.0
13537at33634	0	22.5	225.0
18432at33634	0	39.022087762360094	245
4166at33634	0	41.1	411.0
26441at33634	0	8.2	82.0
5145at33634	0	37.34207010102947	282
14113at33634	0	33.0	330.0
15242at33634	0	19.5	195.0
5074at33634	0	55.663231891576196	407
25189at33634	0	12.7	127.0
19836at33634	0	89.89475042429426	306
3835at33634	0	79.59811555558335	489
1803at33634	0	58.7	587.0
17887at33634	0	17.1	171.0
3786at33634	0	54.1	541.0
8842at33634	0	34.0	340.0
27268at33634	0	17.37761601778387	172
693at33634	0	148.65120075929252	860
10425at33634	0	36.64836373022081	343
5578at33634	0	37.5	375.0
3834at33634	0	48.2	482.0
15520at33634	0	29.9	299.0
27410at33634	0	26.80817156536534	127
2880at33634	0	88.18703899187139	552
27411at33634	0	14.3	143.0
15827at33634	0	28.3	283.0
27409at33634	0	12.6	126.0
15177at33634	0	35.344654693243434	264
18429at33634	0	17.8	178.0
23917at33634	0	12.5	125.0
12626at33634	0	82.9666290653148	310
12363at33634	0	39.80908856986722	216
28445at33634	0	10.5	105.0
12249at33634	0	34.4	344.0
10799at33634	0	35.8	358.0
9413at33634	0	66.53114558861385	303
16248at33634	0	31.22632436476207	190
24919at33634	0	9.265410195288524	83
9731at33634	0	117.22468235762533	521
19366at33634	0	15.023093334374693	106
8142at33634	0	38.06528804365145	219
15216at33634	0	20.8	208.0
10123at33634	0	34.48816965502586	272
6366at33634	0	45.1	451.0
15969at33634	0	26.8	268.0
12382at33634	0	37.6	376.0
5964at33634	0	76.89550351963672	370
9939at33634	0	44.99604287761174	386
18615at33634	0	102.48346208047423	319
